
* = additional observations

    source name     frequency    spectral type     R.A.(2000)     DEC(2000)    blue pk veloc   red pk veloc   veloc error  radial veloc   exp veloc   flux dens blue pk    flux dens red pk  reference

  IRAS 17361-2757      1612                      17 39 18.000   -27 58 54.00       136.6           173.4                       155.0         18.4           0.410               0.350          LIN91A
  IRAS 17363-2802      1612                      17 39 30.000   -28  3 36.00       -43.2            -8.9                       -26.1         17.2           0.330               0.430          LIN91A
  IRAS 17367-2722      1612                      17 39 52.000   -27 23 36.00        17.4            53.4                        35.4         18.0           0.190               0.560          DAV93A
*OH000.647+01.889      1612                      17 39 52.445   -27 23 32.24        52.5                                        52.5                        0.663                              SEV97A
* IRAS 17367-2722      1612                      17 39 52.000   -27 23 36.00                        53.6                        53.6                                                            SIV99
* IRAS 17367-2722      1612                      17 39 52.000   -27 23 36.00        37.1            52.5                        44.8          7.7           0.160               0.470          LIN91A
 OH000.313+01.674      1612                      17 39 53.880   -27 47 23.75      -217.7          -198.7                      -208.2          9.5           0.295               0.329          SEV97A
  IRAS 17370-2715      1612                      17 40 11.800   -27 17  8.00      -136.6          -106.7                      -121.7         15.0           0.820               0.680          LIN91A
 OH000.344+01.567      1612                      17 40 23.069   -27 49 11.42       115.2                                       115.2                        1.009                              SEV97A
* IRAS 17371-2747      1612                      17 40 20.600   -27 49 11.00       109.5           119.4                       114.5          4.9           0.950               1.160          DAV93A
* IRAS 17371-2747      1612                      17 40 23.069   -27 49 11.42       115.4                                       115.4         10.5           1.480                               DEA04
*     OH0.32+1.58      1612                      17 40 17.200   -27 50  3.00       112.0           118.0                       115.0          3.0           0.800               0.700           LIN89
* IRAS 17371-2747      1612                      17 40 20.600   -27 49 11.00       115.0                                       115.0                        0.800                               ZIJ89
* IRAS 17371-2747      1612                      17 40 20.600   -27 49 11.00                                                                            =                                       SZY04
*  IRAS17371-2747      1612                      17 40 20.500   -27 49 11.00       115.1                                       115.1                        1.700                               WOL12
  IRAS 17374-2700      1612                      17 40 33.300   -27  2 30.00        63.8            82.1                        72.9          9.1           0.220               0.110          LIN91A
  IRAS 17374-2732      1612                      17 40 37.900   -27 34 21.00        -5.1                                        -5.1                        0.140                              LIN91A
 OH000.207+01.414      1612                      17 40 38.587   -28  1  1.08        23.2            30.5                        26.9          3.7           0.916               0.288          SEV97A
*     OH0.19+1.42      1612                      17 40 35.800   -28  1 36.00        22.0            31.0                        26.5          4.5           1.300               0.700           LIN89
* IRAS 17375-2759      1612                      17 40 40.700   -28  1  6.00        21.0                                        21.0                        1.000                               ZIJ89
* IRAS 17375-2759      1612                      17 40 40.700   -28  1  6.00                                                                            =                                       SZY04
*  IRAS17375-2759      1612                      17 40 40.800   -28  1  6.00        23.8                                        23.8                        1.220                               WOL12
  IRAS 17389-2648      1612                      17 42  5.100   -26 50 11.00      -142.7                                      -142.7                        0.860                              LIN91A
  IRAS 17390-2809      1612                      17 42 15.569   -28 10 36.37       -11.7            13.5                         0.9         14.0           2.080               0.910           DEA04
*OH000.260+01.027      1612                      17 42 15.569   -28 10 36.37       -11.8            13.0                         0.6         12.4           0.668               0.492          SEV97A
*       OH0.3+1.0      1612                      17 42 15.300   -28 11 23.00       -13.0            12.0                        -0.5         12.5           0.600               0.300           LIN89
  IRAS 17391-2619      1612                      17 42 15.900   -26 20 53.00       -93.0                                       -93.0                        0.510                              LIN91A
  IRAS 17393-2727      1612                      17 42 33.161   -27 28 24.62      -123.4           -93.4                      -108.4         17.5          74.440               1.440           DEA04
*OH000.892+01.342      1612                      17 42 33.161   -27 28 24.62      -122.8           -93.6                      -108.2         14.6          47.866               0.669          SEV97A
*       OH0.9+1.3      1612                      17 42 33.000   -27 28 24.00      -123.0                                      -123.0                       26.000                               LIN89
*       OH0.9+1.3      1612                      17 42 32.100   -27 28 28.00      -124.0           -93.0                      -108.5         15.5          54.000               0.500           ZIJ89
* IRAS 17393-2727      1612                      17 42 32.100   -27 28 28.00                                                                            =                                       SZY04
* IRAS 17392-2722      1612                      17 42 21.900   -27 23 51.00      -123.3           -94.2                      -108.7         14.6          28.940               1.030          LIN91A
*     OH0.9 + 1.3      1612                      17 42 32.200   -27 28 28.00      -123.4          -120.6                      -122.0          1.4          71.810              34.550           WOL12
 OH001.234+01.273      1612                      17 43 37.355   -27 13  7.86       216.0           242.2                       229.1         13.1           0.369               0.295          SEV97A
*IRAS 17404-2713A      1612                      17 43 37.100   -27 14 46.00       215.8           243.1                       229.5         13.7           0.630               0.320          LIN91A
  IRAS 17404-2713      1612                      17 43 38.042   -27 14 44.30        30.4            57.7                        44.1         15.0           7.780               8.150           DEA04
*OH001.212+01.257      1612                      17 43 38.042   -27 14 44.30        30.5            56.8                        43.7         13.1           4.484               3.440          SEV97A
*       OH1.2+1.3      1612                      17 43 38.000   -27 14 18.00        31.0            58.0                        44.5         13.5           5.600               5.300           LIN89
* IRAS 17404-2713      1612                      17 43 37.100   -27 14 46.00        30.6            57.9                        44.3         13.7           8.000               6.350            HU94
* IRAS 17404-2713      1612                      17 43 37.100   -27 14 46.00                                                                            =                                       SZY04
* IRAS 17404-2713      1612                      17 43 37.100   -27 14 46.00        32.0            58.3                        45.1         13.1           6.380               5.200          LIN91A
*       OH1.2+1.3      1612                      17 43 39.500   -27 14 18.00        30.4            57.5                        43.9         13.6           8.760              10.020           WOL12
        OH0.3+0.6      1612                      17 43 53.700   -28 23 13.00       -93.0           -65.0                       -79.0         14.0           0.900               0.600           LIN89
    OH0.005+0.360      1612                      17 44 13.690   -28 44 34.89                       -71.2                       -71.2                                            0.367           SJO98
    OH0.001+0.353      1612                      17 44 14.903   -28 44 58.84       114.9           134.2                       124.6          9.7           0.245               0.483           SJO98
*OH000.000+00.352      1612                      17 44 14.949   -28 45  8.09       115.2           132.7                       124.0          8.8           0.648               0.726          SEV97A
*       OH0.0+0.3      1612                      17 44 13.200   -28 46  3.00       113.0           133.0                       123.0         10.0           0.300               0.500           LIN89
*   OH0.001+0.352      1612                      17 44 14.900   -28 45  6.00       113.8           133.1                       123.5          9.7           0.350               0.600           LID92
    OH0.020+0.346      1612                      17 44 19.231   -28 44 21.84        -7.9            40.1                        16.1         24.0           0.481               0.262           SJO98
*   OH0.019+0.345      1612                      17 44 19.100   -28 44 21.00        -8.5            39.2                        15.4         23.9           0.380               0.180           LID92
 OH001.369+01.003      1612                      17 44 58.723   -27 14 43.37       -27.9             2.8                       -12.5         15.3           5.396               5.476          SEV97A
* IRAS 17418-2713      1612                      17 44 58.600   -27 14 45.00       -27.5             3.3                       -12.1         15.4          11.400               6.960          DAV93A
*       OH1.3+1.0      1612                      17 44 50.000   -27 16 13.00       -27.0             3.0                       -12.0         15.0           4.200               4.200           LIN89
* IRAS 17418-2713      1612                      17 44 58.600   -27 14 45.00       -27.9             2.6                       -12.6         15.2           8.740               4.990          LIN91A
*  IRAS17418-2713      1612                      17 44 58.700   -27 14 45.00       -27.7                                       -27.7                       12.230                               WOL12
    OH0.017+0.156      1612                      17 45  3.220   -28 50 19.51        95.6           110.4                       103.0          7.4           0.127               0.141           SJO98
*   OH0.018+0.156      1612                      17 45  3.500   -28 50 25.00        95.6           109.3                       102.5          6.9           0.280               0.180           LID92
    OH0.200+0.232      1612                      17 45 11.488   -28 38 36.27       -82.6           -50.8                       -66.7         15.9           0.183               0.272           SJO98
*   OH0.200+0.233      1612                      17 45 11.400   -28 38 38.00       -83.2           -51.6                       -67.4         15.8           0.240               0.340           LID92
    OH0.173+0.211      1612                      17 45 12.423   -28 40 37.70        29.8            63.8                        46.8         17.0           0.146               0.076           SJO98
*   OH0.173+0.211      1612                      17 45 12.300   -28 40 43.00        28.9            63.0                        46.0         17.1           0.320               0.180           LID92
    OH0.076+0.146      1612                      17 45 13.894   -28 47 42.70         0.8            43.0                        21.9         21.1           0.317               0.948           SJO98
*      OH008+0.15      1612                      17 45 13.300   -28 47 39.00         1.0            43.0                        22.0         21.0           0.250               0.700           LIN89
*   OH0.076+0.146      1612                      17 45 13.800   -28 47 42.00         0.6            42.6                        21.6         21.0           0.210               0.710           LID92
    OH0.070+0.127      1612                      17 45 17.565   -28 48 35.93       -52.9           -18.1                       -35.5         17.4           0.078               0.264           SJO98
*   OH0.071+0.127      1612                      17 45 17.500   -28 48 35.00       -53.9           -17.6                       -35.7         18.2           0.110               0.300           LID92
    OH0.042+0.082      1612                      17 45 23.932   -28 51 26.85        54.6            93.8                        74.2         19.6           0.064               0.080           SJO98
    OH0.051+0.079      1612                      17 45 25.910   -28 51  5.34        98.2           135.9                       117.0         18.9           0.084               0.129           SJO98
    OH0.041+0.060      1612                      17 45 28.887   -28 52  9.29       -21.9            14.5                        -3.7         18.2           0.034               0.055           SJO98
    OH0.221+0.168      1612                      17 45 29.300   -28 39 34.00        42.6            80.9                        61.8         19.2           0.370               0.110           LID92
    OH0.129+0.103      1612                      17 45 31.422   -28 46 17.14       -63.3           -40.6                       -51.9         11.3           0.602               1.287           SJO98
*     OH0.13+0.10      1612                      17 45 31.300   -28 46 18.00       -64.0           -41.0                       -52.5         11.5           0.380               1.100           LIN89
*   OH0.129+0.103      1612                      17 45 31.400   -28 46 21.00       -64.1           -41.4                       -52.7         11.4           0.640               1.410           LID92
    OH0.170+0.119      1612                      17 45 33.470   -28 43 39.36        93.3           138.8                       116.0         22.7           0.114               0.074           SJO98
    OH0.083+0.063      1612                      17 45 34.222   -28 49 52.45         4.8            44.5                        24.7         19.9           0.154               0.067           SJO98
*   OH0.083+0.064      1612                      17 45 34.000   -28 49 55.00         4.0            42.6                        23.3         19.3           0.200               0.160           LID92
    OH0.024+0.027      1612                      17 45 34.236   -28 54  0.74       -69.0           -33.8                       -51.4         17.6           0.067               0.022           SJO98
 OH000.729+00.451      1612                      17 45 35.664   -28  4 44.83       233.5           243.7                       238.6          5.1           0.302               0.644          SEV97A
*     OH0.71+0.45      1612                      17 45 33.200   -28  5 37.00       235.0           246.0                       240.5          5.5           0.200               0.400           LIN89
  OH359.998-0.005      1612                      17 45 37.985   -28 56 20.48       -25.8            13.9                        -6.0         19.9           0.018               0.098           SJO98
    OH0.037-0.003      1612                      17 45 43.162   -28 54 19.94        29.9            40.1                        35.0          5.1           0.051               0.116           SJO98
    OH0.147+0.062      1612                      17 45 43.500   -28 46 41.00         9.6                                         9.6                        0.280                               LID92
    OH0.396+0.214      1612                      17 45 43.500   -28 29 11.00       136.5                                       136.5                        0.450                               LID92
    OH0.352+0.175      1612                      17 45 46.500   -28 32 39.00        -7.4            28.9                        10.8         18.2           0.240               0.190           LID92
    OH0.091+0.014      1612                      17 45 46.678   -28 51  0.81        61.6            77.5                        69.5          8.0           0.031               0.059           SJO98
      OH0.74+0.41      1612                      17 45 47.200   -28  5 25.00       -34.0           -26.0                       -30.0          4.0           3.100               4.700           LIN89
*OH000.739+00.411      1612                      17 45 46.658   -28  5 28.46       -26.4                                       -26.4                        3.509                              SEV97A
* IRAS 17426-2804      1612                      17 45 46.658   -28  5 28.46       -26.1                                       -26.1         29.5           4.510                               DEA04
    OH0.030-0.026      1612                      17 45 47.587   -28 55 27.72       -74.7           -35.5                       -55.1         19.6           0.160               0.188           SJO98
    OH0.060-0.018      1612                      17 45 49.871   -28 53 37.01       -23.6            16.2                        -3.7         19.9           0.193               0.685           SJO98
*     OH0.06-0.02      1612                      17 45 49.500   -28 53 37.00       -23.0            16.0                        -3.5         19.5           0.120               0.460           LIN89
*   OH0.060-0.018      1612                      17 45 49.900   -28 53 39.00       -23.3            15.3                        -4.0         19.3           0.180               0.550           LID92
    OH0.014-0.046      1612                      17 45 49.900   -28 56 48.52       100.2           136.5                       118.3         18.2           0.023               0.103           SJO98
    OH0.072-0.011      1612                      17 45 49.944   -28 52 45.25        79.7           112.6                        96.2         16.5           0.056               0.024           SJO98
    OH0.044-0.033      1612                      17 45 51.196   -28 54 54.50        41.7            82.6                        62.1         20.4           0.018               0.035           SJO98
  OH359.999-0.061      1612                      17 45 51.216   -28 58  5.03        88.8           124.0                       106.4         17.6           0.103               0.091           SJO98
* OH359.999-0.061      1612                      17 45 51.200   -28 58  7.00        86.5           125.1                       105.8         19.3           0.070               0.100           LID92
    OH0.141+0.026      1612                      17 45 51.329   -28 48  6.82         0.8            47.3                        24.1         23.2           0.613               1.369           SJO98
*     OH0.14+0.03      1612                      17 45 50.300   -28 48  5.00         1.0            48.0                        24.5         23.5           0.360               0.770           LIN89
*   OH0.142+0.026      1612                      17 45 51.200   -28 48  6.00         0.6            47.1                        23.9         23.3           0.590               1.220           LID92
    OH0.189+0.052      1612                      17 45 51.914   -28 44 51.19        -9.3            29.9                        10.3         19.6           0.714               0.238           SJO98
*     OH0.19+0.05      1612                      17 45 51.200   -28 44 49.00        -9.0            30.0                        10.5         19.5           0.580               0.330           LIN89
*   OH0.189+0.052      1612                      17 45 51.900   -28 44 50.00        -9.6            30.1                        10.3         19.9           0.570               0.330           LID92
    OH0.204+0.056      1612                      17 45 53.100   -28 43 58.00       105.8           143.3                       124.6         18.8           0.050               0.110           LID92
    OH0.379+0.159      1612                      17 45 54.100   -28 31 47.00       124.0           154.6                       139.3         15.3           0.900               0.860           LID92
*       OH0.4+0.1      1612                      17 45 58.900   -28 31  5.00       125.0           155.0                       140.0         15.0           0.500               0.500           LIN89
    OH0.190+0.036      1612                      17 45 55.826   -28 45 18.32       144.6           173.7                       159.2         14.5           3.110               3.629           SJO98
*OH000.190+00.036      1612                      17 45 55.797   -28 45 18.85       145.9           173.6                       159.8         13.9           1.755               2.035          SEV97A
*    OH0.19+0.04A      1612                      17 45 54.900   -28 45  4.00       145.0           172.0                       158.5         13.5           2.610               2.860           LIN89
*   OH0.190+0.036      1612                      17 45 55.700   -28 45 20.00       144.4           173.9                       159.2         14.8           2.710               3.000           LID92
    OH0.274+0.086      1612                      17 45 56.000   -28 39 27.00        78.6           127.4                       103.0         24.4           0.410               0.150           LID92
    OH0.040-0.056      1612                      17 45 56.094   -28 55 51.85        50.2            92.3                        71.3         21.1           0.386               0.486           SJO98
*     OH0.04-0.06      1612                      17 45 55.500   -28 55 52.00        51.0            92.0                        71.5         20.5           0.360               0.440           LIN89
*   OH0.040-0.056      1612                      17 45 56.000   -28 55 50.00        50.5            92.2                        71.4         20.9           0.370               0.440           LID92
    OH0.108-0.016      1612                      17 45 56.219   -28 51  4.16        21.8            63.8                        42.8         21.0           0.088               0.061           SJO98
    OH0.007-0.089      1612                      17 45 58.922   -28 58 34.84       -19.5            27.0                         3.7         23.2           0.088               0.190           SJO98
*   OH0.007-0.088      1612                      17 45 58.800   -28 58 34.00       -18.7            26.7                         4.0         22.7           0.060               0.170           LID92
    OH0.053-0.063      1612                      17 45 59.468   -28 55 23.34       -29.7             6.6                       -11.5         18.2           0.077               0.238           SJO98
*   OH0.053-0.062      1612                      17 45 59.300   -28 55 23.00       -31.2             4.0                       -13.6         17.6           0.080               0.120           LID92
    OH0.128-0.020      1612                      17 46  0.305   -28 50 12.00        76.4           112.7                        94.5         18.2           0.256               0.070           SJO98
*   OH0.129-0.020      1612                      17 46  0.200   -28 50 11.00        76.3           112.7                        94.5         18.2           0.130               0.080           LID92
    OH0.134-0.023      1612                      17 46  1.540   -28 49 57.39       -39.5             0.3                       -19.6         19.9           0.049               0.082           SJO98
*   OH0.134-0.023      1612                      17 46  1.600   -28 50  1.00       -41.4             0.6                       -20.4         21.0           0.100               0.120           LID92
    OH0.216+0.022      1612                      17 46  3.000   -28 44 22.16        12.4            48.8                        30.6         18.2           0.040               0.079           SJO98
*   OH0.217+0.023      1612                      17 46  2.800   -28 44 20.00        11.9            49.4                        30.7         18.8           0.080               0.090           LID92
    OH0.116-0.042      1612                      17 46  3.523   -28 51 30.06       -48.5           -11.1                       -29.8         18.7           0.032               0.073           SJO98
    OH0.113-0.061      1612                      17 46  7.470   -28 52 15.43        70.6           105.4                        88.0         17.4           0.452               0.447           SJO98
*     OH0.11-0.06      1612                      17 46  7.400   -28 52 16.00        71.0           105.0                        88.0         17.0           0.550               0.400           LIN89
*   OH0.113-0.060      1612                      17 46  7.400   -28 52 15.00        70.9           104.7                        87.8         16.9           0.640               0.580           LID92
    OH0.017-0.137      1612                      17 46 11.679   -28 59 32.15        89.4           127.2                       108.3         18.9           0.145               0.060           SJO98
    OH0.349+0.053      1612                      17 46 14.400   -28 36 39.00        17.6            46.0                        31.8         14.2           0.130               0.260           LID92
    OH0.240-0.015      1612                      17 46 14.952   -28 44 18.67        16.8            53.1                        35.0         18.2           0.136               0.122           SJO98
*   OH0.241-0.014      1612                      17 46 14.800   -28 44 16.00        16.5            53.4                        35.0         18.5           0.150               0.040           LID92
    OH0.078-0.115      1612                      17 46 15.258   -28 55 42.50        37.1            64.7                        50.9         13.8           0.526               0.355           SJO98
*     OH0.08-0.12      1612                      17 46 14.500   -28 55 43.00        37.0            65.0                        51.0         14.0           0.400               0.210           LIN89
*   OH0.079-0.114      1612                      17 46 15.200   -28 55 41.00        35.8            65.3                        50.6         14.8           0.590               0.300           LID92
    OH0.177-0.055      1612                      17 46 15.347   -28 48 47.86       -52.9           -19.5                       -36.2         16.7           0.365               0.902           SJO98
*     OH0.18-0.05      1612                      17 46 15.300   -28 48 43.00       -53.0           -19.0                       -36.0         17.0           0.210               0.740           LIN89
*   OH0.178-0.055      1612                      17 46 15.200   -28 48 47.00       -52.8           -19.9                       -36.3         16.5           0.360               0.950           LID92
    OH0.067-0.123      1612                      17 46 15.690   -28 56 31.81        18.3            53.1                        35.7         17.4           0.082               0.054           SJO98
    OH0.406+0.070      1612                      17 46 18.400   -28 33 11.00        24.4                                        24.4                        0.270                               LID92
    OH0.016-0.171      1612                      17 46 19.426   -29  0 35.36       -11.1            27.5                         8.2         19.3           0.163               0.087           SJO98
    OH0.121-0.112      1612                      17 46 20.736   -28 53 24.98        21.2            56.0                        38.6         17.4           0.126               0.110           SJO98
    OH0.224-0.055      1612                      17 46 22.118   -28 46 22.40      -122.7           -89.2                      -105.9         16.7           0.537               0.597           SJO98
*   OH0.225-0.055      1612                      17 46 22.000   -28 46 21.00      -122.9           -90.0                      -106.4         16.5           0.640               1.090           LID92
    OH0.050-0.165      1612                      17 46 22.979   -28 58 44.80       -54.4           -15.2                       -34.8         19.6           0.168               0.093           SJO98
  IRAS 17433-2523      1612                      17 46 24.700   -25 25  3.00       -23.8            16.0                        -3.9         19.9           0.440               0.210          LIN91A
    OH0.035-0.182      1612                      17 46 24.875   -29  0  1.16       134.5           170.8                       152.6         18.2           0.164               0.057           SJO98
*   OH0.036-0.182      1612                      17 46 24.800   -29  0  1.00       134.2           171.7                       153.0         18.8           0.210               0.120           LID92
    OH0.180-0.098      1612                      17 46 25.839   -28 49 59.97       101.1           140.3                       120.7         19.6           0.103               0.173           SJO98
*   OH0.180-0.098      1612                      17 46 25.700   -28 50  0.00       101.3           141.0                       121.2         19.9           0.110               0.220           LID92
    OH0.138-0.136      1612                      17 46 28.732   -28 53 19.90        18.3            61.8                        40.1         21.8           0.091               0.164           SJO98
*   OH0.138-0.136      1612                      17 46 28.600   -28 53 18.00        19.9            60.7                        40.3         20.4           0.100               0.120           LID92
    OH0.452+0.046      1612                      17 46 30.600   -28 31 34.00        77.5            97.9                        87.7         10.2           0.250               0.100           LID92
    OH0.336-0.027      1612                      17 46 31.300   -28 39 48.00        21.0            55.0                        38.0         17.0           0.130               0.040           LID92
    OH0.395+0.008      1612                      17 46 31.600   -28 35 41.00       186.4           213.7                       200.1         13.7           0.330               0.200           LID92
    OH0.321-0.040      1612                      17 46 32.132   -28 40 56.17        57.5            92.3                        74.9         17.4           2.557               5.589           SJO98
*OH000.319-00.041      1612                      17 46 32.162   -28 41  5.33        56.8            93.3                        75.1         18.2           1.322               3.770          SEV97A
*       OH0.3-0.0      1612                      17 46 32.700   -28 41  8.00        58.0            93.0                        75.5         17.5           1.500               4.400           LIN89
*   OH0.319-0.040      1612                      17 46 32.000   -28 41  4.00        57.3            92.2                        74.8         17.5           1.370               3.470           LID92
    OH0.264-0.078      1612                      17 46 33.125   -28 45  0.79        -5.0            29.9                        12.4         17.4           0.312               0.072           SJO98
*   OH0.265-0.078      1612                      17 46 33.000   -28 45  1.00        -6.2            30.0                        11.9         18.1           0.180               0.040           LID92
    OH0.070-0.205      1612                      17 46 35.321   -28 58 57.14        99.6           125.8                       112.7         13.1           1.743               2.788           SJO98
*OH000.071-00.205      1612                      17 46 35.313   -28 58 56.71        99.2           126.9                       113.0         13.9           0.895               1.689          SEV97A
*     OH0.07-0.21      1612                      17 46 34.600   -28 58 57.00       100.0           127.0                       113.5         13.5           1.200               1.890           LIN89
*   OH0.071-0.205      1612                      17 46 35.200   -28 58 57.00        99.0           126.3                       112.7         13.7           1.630               2.390           LID92
    OH0.453+0.026      1612                      17 46 35.500   -28 32  7.00        74.1           109.3                        91.7         17.6           0.180               0.650           LID92
    OH0.317-0.066      1612                      17 46 37.780   -28 41 58.06       194.0           220.2                       207.1         13.1           0.450               0.290           SJO98
 OH000.517+00.050      1612                      17 46 39.049   -28 28  5.79       153.2           183.8                       168.5         15.3           0.437               0.570          SEV97A
*       OH0.5+0.0      1612                      17 46 36.800   -28 29  6.00       151.0           182.0                       166.5         15.5           0.600               0.800           LIN89
*   OH0.517+0.050      1612                      17 46 38.900   -28 28  6.00       151.2           184.2                       167.7         16.5           0.660               1.140           LID92
    OH0.447-0.006      1612                      17 46 42.200   -28 33 25.00      -200.0          -173.9                      -186.9         13.1           0.230               0.190           LID92
 OH001.072+00.365      1612                      17 46 44.308   -27 49 51.71      -141.7          -108.2                      -125.0         16.8           0.987               1.058          SEV97A
*       OH1.1+0.4      1612                      17 46 43.900   -27 49 52.00      -143.0          -108.0                      -125.5         17.5           0.800               1.300           LIN89
    OH0.430-0.027      1612                      17 46 44.800   -28 34 58.00        13.1            50.5                        31.8         18.7           0.300               0.200           LID92
    OH0.260-0.143      1612                      17 46 47.832   -28 47 14.91        18.3            31.3                        24.8          6.5           0.219               0.454           SJO98
*   OH0.261-0.143      1612                      17 46 47.700   -28 47 15.00        22.1            31.2                        26.7          4.6           0.210               0.410           LID92
 OH000.814+00.179      1612                      17 46 51.086   -28  8 51.61        56.8            88.9                        72.9         16.1           0.617               1.775          SEV97A
*       OH0.8+0.2      1612                      17 46 50.600   -28  8 58.00        56.0            89.0                        72.5         16.5           0.600               1.700           LIN89
*   OH0.814+0.179      1612                      17 46 51.000   -28  8 51.00        56.2            88.8                        72.5         16.3           0.510               1.890           LID92
    OH0.333-0.138      1612                      17 46 56.730   -28 43 22.13        58.9            92.3                        75.6         16.7           0.276               0.299           SJO98
*   OH0.333-0.137      1612                      17 46 56.500   -28 43 22.00        58.4            92.2                        75.3         16.9           0.180               0.270           LID92
    OH0.064-0.308      1612                      17 46 58.391   -29  2 27.44         6.6            40.1                        23.3         16.7           0.107               0.103           SJO98
    OH0.713+0.084      1612                      17 46 58.900   -28 17  0.00        76.3           117.2                        96.8         20.5           0.270               0.180           LID92
    OH0.307-0.176      1612                      17 47  2.100   -28 45 55.00       -28.9            11.9                        -8.5         20.4           0.170               0.190           LID92
 OH001.628+00.617      1612                      17 47  3.878   -27 13 28.83      -106.7           -64.4                       -85.5         21.2           0.285               0.271          SEV97A
*     OH1.63+0.63      1612                      17 47  1.600   -27 13 24.00      -107.0           -64.0                       -85.5         21.5           0.600               0.500           LIN89
    OH0.543-0.043      1612                      17 47  4.500   -28 29 41.00       -23.3            16.5                        -3.4         19.9           0.510               0.220           LID92
    OH0.335-0.180      1612                      17 47  6.964   -28 44 33.03      -356.5          -327.5                      -342.0         14.5           4.597               3.942           SJO98
*OH000.333-00.181      1612                      17 47  6.974   -28 44 43.66      -327.2                                      -327.2                        2.524                              SEV97A
*       OH0.3-0.2      1612                      17 47  6.800   -28 44 42.00      -356.0          -327.0                      -341.5         14.5           3.200               3.400           LIN89
* IRAS 17439-2845      1612                      17 47  8.500   -28 46 18.00      -355.2          -325.7                      -340.5         14.8           4.100               3.630          LIN91A
    OH0.548-0.059      1612                      17 47  8.900   -28 29 55.00       -64.1            -0.5                       -32.3         31.8           0.280               0.070           LID92
    OH0.477-0.116      1612                      17 47 12.200   -28 35 21.00       200.0                                       200.0                        0.130                               LID92
    OH0.738+0.036      1612                      17 47 13.400   -28 17 13.00      -146.7          -120.6                      -133.6         13.1           0.730               0.230           LID92
 OH000.667-00.035      1612                      17 47 20.117   -28 23  4.10        59.7            67.0                        63.4          3.7           1.387               1.700          SEV97A
*   OH0.667-0.036      1612                      17 47 20.000   -28 23  3.00        58.5                                        58.5                        2.050                               LID92
    OH0.658-0.042      1612                      17 47 20.400   -28 23 45.00        76.3                                        76.3                        0.450                               LID92
    OH0.437-0.179      1612                      17 47 21.200   -28 39 21.00        78.6           113.8                        96.2         17.6           0.110               0.240           LID92
 OH001.221+00.294      1612                      17 47 21.717   -27 44 23.41      -273.1                                      -273.1                        0.320                              SEV97A
    OH0.536-0.130      1612                      17 47 23.900   -28 32 44.00       122.9           169.4                       146.2         23.3           0.150               0.110           LID92
 OH000.484-00.167      1612                      17 47 25.081   -28 36 34.22       129.8           153.2                       141.5         11.7           0.911               1.686          SEV97A
*       OH0.5-0.1      1612                      17 47 24.000   -28 36 33.00       130.0           154.0                       142.0         12.0           0.900               1.400           LIN89
*   OH0.484-0.167      1612                      17 47 25.000   -28 36 33.00       129.7           152.4                       141.1         11.4           0.950               1.100           LID92
 OH000.669-00.056      1612                      17 47 25.466   -28 23 37.28        67.0                                        67.0                        4.329                              SEV97A
*   OH0.669-0.056      1612                      17 47 25.300   -28 23 35.00        66.4                                        66.4                        5.950                               LID92
    OH0.589-0.108      1612                      17 47 26.100   -28 29 19.00      -214.8          -185.3                      -200.0         14.8           0.050               0.140           LID92
 OH003.289+01.519      1612                      17 47 27.533   -25 20 12.23        13.0            45.1                        29.1         16.1           1.782               2.189          SEV97A
* IRAS 17443-2519      1612                      17 47 27.400   -25 20 17.00        13.8            45.2                        29.5         15.7           4.130               3.130           LSQ92
* IRAS 17443-2519      1612                      17 47 27.400   -25 20 17.00        13.3            45.4                        29.4         16.1           4.220               3.420          LIN91A
    OH0.658-0.073      1612                      17 47 27.800   -28 24 41.00        47.1                                        47.1                        0.500                               LID92
    OH0.096-0.427      1612                      17 47 30.900   -29  4 33.00        67.5           105.8                        86.7         19.2           0.300               0.340           LID92
      OH1.25+0.25      1612                      17 47 35.800   -27 44 17.00       -12.0            19.0                         3.5         15.5           0.700               0.800           LIN89
    OH0.495-0.211      1612                      17 47 36.700   -28 37 22.00         4.0            38.0                        21.0         17.0           0.330               0.660           LID92
    OH0.523-0.206      1612                      17 47 39.600   -28 35 46.00       -10.8            32.3                        10.8         21.6           0.160               0.100           LID92
    OH0.692-0.171      1612                      17 47 55.400   -28 25 59.00        -1.7            32.3                        15.3         17.0           0.330               0.240           LID92
  IRAS 17449-2540      1612                      17 48  1.600   -25 41 29.00        74.1                                        74.1                        0.740                              LIN91A
 OH001.155-00.029      1612                      17 48 27.360   -27 57 48.93       -61.4           -39.5                       -50.5         11.0           0.394               0.429          SEV97A
 OH001.134-00.062      1612                      17 48 32.242   -27 59 55.36        37.8            64.1                        51.0         13.1           0.468               0.199          SEV97A
 OH000.775-00.282      1612                      17 48 33.238   -28 25 10.70      -160.7                                      -160.7                        0.435                              SEV97A
 OH002.382+00.590      1612                      17 48 54.956   -26 35 34.29        81.6           107.9                        94.8         13.1           0.337               0.468          SEV97A
 OH000.024-00.874      1612                      17 49  6.252   -29 22  5.10        32.0            58.3                        45.1         13.1           0.280               0.394          SEV97A
*     OH0.00-0.86      1612                      17 49  0.000   -29 22 59.00        32.0            58.0                        45.0         13.0           0.400               0.600           LIN89
  IRAS 17461-2741      1612                      17 49 20.912   -27 41 54.11      -141.1          -114.3                      -127.7         15.0           6.850              10.310           DEA04
*OH001.484-00.061      1612                      17 49 20.912   -27 41 54.11      -141.7          -114.0                      -127.9         13.9           2.104               3.304          SEV97A
*     OH1.48-0.06      1612                      17 49 20.700   -27 41 54.00      -141.0          -114.0                      -127.5         13.5           3.000               4.100           LIN89
 OH000.523-00.667      1612                      17 49 27.984   -28 50  1.57        29.1           186.8                       107.9         78.8           0.816               0.721          SEV97A
 OH000.621-00.661      1612                      17 49 40.151   -28 44 47.92       -62.9           -30.8                       -46.8         16.1           0.761               0.701          SEV97A
*     OH0.62-0.66      1612                      17 49 39.500   -28 44 43.00       -64.0           -32.0                       -48.0         16.0           1.200               1.200           LIN89
 OH001.803-00.047      1612                      17 50  1.932   -27 25  2.16       105.0           132.7                       118.9         13.9           0.355               1.878          SEV97A
*     OH1.74-0.01      1612                      17 50  1.300   -27 25  0.00       105.0           134.0                       119.5         14.5           0.800               4.200           LIN89
* OH001.804-0.046      1612                      17 50  1.800   -27 24 57.00                                                                                0.024                               BEC92
 OH003.207+00.675      1612                      17 50 29.068   -25 50 30.32       -71.7           -49.8                       -60.7         11.0           1.245               1.420          SEV97A
*     OH3.25+0.68      1612                      17 50 32.600   -25 48  0.00       -71.0           -50.0                       -60.5         10.5           0.400               0.600           LIN89
        OH2.5+0.3      1612                      17 50 31.200   -26 39 48.00       -86.0           -71.0                       -78.5          7.5           0.400               0.500           LIN89
 OH004.680+01.499      1612                      17 50 41.283   -24  9 17.18        26.2            58.3                        42.2         16.1           0.142               0.201          SEV97A
  IRAS 17476-2334      1612                      17 50 42.500   -23 34 58.00      -117.3                                      -117.3                        0.240                              LIN91A
 OH002.642+00.197      1612                      17 51  1.430   -26 34 18.11         7.2            33.5                        20.3         13.1           0.435               0.708          SEV97A
 OH004.592+01.354      1612                      17 51  2.219   -24 18 15.90        74.3            99.2                        86.8         12.4           0.636               0.575          SEV97A
  IRAS 17482-2501      1612                      17 51 22.846   -25  1 52.72        58.5            87.8                        73.2         16.0           2.710               1.320           DEA04
*OH004.007+00.915      1612                      17 51 22.846   -25  1 52.72        58.3            87.5                        72.9         14.6           1.249               0.572          SEV97A
*     OH4.00+0.93      1612                      17 51 19.500   -25  1 57.00        59.0            88.0                        73.5         14.5           1.100               0.400           LIN89
 OH001.095-00.832      1612                      17 51 26.760   -28 25 36.85        -8.9            30.5                        10.8         19.7          45.039              42.403          SEV97A
*       OH1.1-0.8      1612                      17 51 26.600   -28 25 36.00        -9.0            30.0                        10.5         19.5          25.400              30.500           LIN89
* IRAS 17482-2824      1612                      17 51 26.500   -28 25 36.00        -9.0            30.0                        10.5         19.5          25.400              30.500           LSQ92
* OH001.098-0.832      1612                      17 51 27.100   -28 25 28.00                                                                            >   0.426                               BEC92
*       OH1.1-0.8      1612                      17 51 26.800   -28 25 37.00        -9.1            29.9                        10.4         19.5          80.230              93.390           WOL12
 OH000.453-01.216      1612                      17 51 27.289   -29 10 31.73        21.8            53.9                        37.8         16.1           0.267               0.392          SEV97A
 OH005.026+01.491      1612                      17 51 29.355   -23 51 39.99       106.7           133.9                       120.3         13.6           2.595               0.935          SEV01A
*OH005.026+01.491      1612                      17 51 29.404   -23 51 39.95       106.5           134.2                       120.3         13.9           2.522               1.113          SEV97A
*       OH5.0+1.5      1612                      17 51 29.300   -23 51 30.00       107.0           135.0                       121.0         14.0           5.000               4.000           LIN89
* IRAS 17486-2345      1612                      17 51 43.400   -23 46 30.00       105.7           134.8                       120.3         14.6           3.310               0.860          LIN91A
  IRAS 17485-2315      1612                      17 51 32.500   -23 16 33.00       -12.3             7.4                        -2.5          9.9           0.350               0.290          LIN91A
 OH005.127+01.490      1612                      17 51 43.223   -23 46 29.78      -202.0          -168.0                      -185.0         17.0           0.259               0.223          SEV01A
  IRAS 17487-2332      1612                      17 51 46.900   -23 33 23.00       -10.1            20.4                         5.1         15.3           0.260               0.160          LIN91A
 OH003.621+00.546      1612                      17 51 54.926   -25 33  7.47        65.6                                        65.6                        0.674                              SEV97A
 OH002.140-00.373      1612                      17 52  4.416   -27 17 39.24       141.5           176.5                       159.0         17.5           0.260               0.516          SEV97A
 OH001.184-00.958      1612                      17 52  8.755   -28 24 56.25       296.3           319.6                       307.9         11.7           0.269               0.337          SEV97A
 OH003.610+00.433      1612                      17 52 19.137   -25 37  9.54      -147.6          -116.9                      -132.3         15.3           0.615               0.292          SEV97A
  IRAS 17492-2937      1612                      17 52 28.200   -29 38 31.00        28.6                                        28.6                        0.190                              LIN91A
 OH002.640-00.191      1612                      17 52 30.817   -26 46 17.38       124.0                                       124.0                        2.617                              SEV97A
 OH003.078-00.027      1612                      17 52 52.666   -26 18 38.41       -27.9             8.6                        -9.6         18.3           0.309               0.298          SEV97A
 OH001.463-00.997      1612                      17 52 56.594   -28 11 42.44       -41.0           -19.1                       -30.1         11.0           0.558               0.581          SEV97A
 OH003.203+00.024      1612                      17 52 57.940   -26 10 40.75       -57.1           -24.9                       -41.0         16.1           1.253               1.439          SEV97A
*       OH3.3+0.0      1612                      17 53  9.500   -26  8 57.00       -57.0           -25.0                       -41.0         16.0           1.200               1.500           LIN89
        OH2.6-0.5      1612                      17 53 18.700   -26 50 37.00       -27.0            19.0                        -4.0         23.0           6.100               7.200           LIN89
 OH002.582-00.433      1612                      17 53 18.814   -26 56 38.09       -26.4            18.9                        -3.8         22.6           6.416               6.865          SEV97A
* IRAS 17501-2656      1612                      17 53 17.200   -26 56 40.00       -28.1            17.8                        -5.2         22.9          16.920              20.170          LIN91A
 OH002.726-00.352      1612                      17 53 19.830   -26 46 45.76      -153.4          -133.0                      -143.2         10.2           0.719               0.364          SEV97A
 OH005.481+01.066      1612                      17 54  5.959   -23 41  8.12       -55.6           -41.0                       -48.3          7.3           0.135               0.221          SEV97A
* IRAS 17510-2340      1612                      17 54  5.500   -23 41  9.00       -56.4           -42.7                       -49.6          6.9           0.240               0.380          LIN91A
 OH003.216-00.296      1612                      17 54 13.429   -26 19 42.20       -96.5           -68.7                       -82.6         13.9           1.006               0.771          SEV97A
*       OH3.3-0.3      1612                      17 54 12.700   -26 17 32.00       -96.0           -69.0                       -82.5         13.5           1.600               1.700           LIN89
  IRAS 17516-2525      1612                      17 54 43.200   -25 26 30.00       -31.3             2.7                       -14.3         17.0           4.660               2.140          DAV93A
* IRAS 17516-2525      1612                      17 54 43.200   -25 26 30.00                                                                            =                                       SZY04
*  IRAS17516-2525      1612                      17 54 43.300   -25 26 28.00       -31.3                                       -31.3                        1.670                               WOL12
 OH003.942-00.008      1612                      17 54 45.070   -25 33 21.88       -30.8             2.8                       -14.0         16.8           1.292               0.782          SEV97A
*       OH3.9+0.0      1612                      17 54 41.600   -25 33 30.00       -31.0             1.0                       -15.0         16.0           1.200               1.100           LIN89
* OH003.943-0.007      1612                      17 54 44.900   -25 33 21.00                                                                                0.030                               BEC92
* IRAS 17516-2525      1612                      17 54 43.200   -25 26 30.00       -31.7             2.3                       -14.7         17.0           0.850               0.780          LIN91A
 OH005.221+00.665      1612                      17 55  2.380   -24  6 47.10        80.2           106.5                        93.3         13.1           0.320               0.262          SEV97A
 OH000.810-01.959      1612                      17 55 13.277   -29 14 40.20      -192.5                                      -192.5                        0.809                              SEV97A
* IRAS 17520-2914      1612                      17 55 12.900   -29 14 41.00      -191.7                                      -191.7                        1.560                              DAV93A
* IRAS 17520-2914      1612                      17 55 12.900   -29 14 41.00      -192.7          -190.4                      -191.5          1.2           1.080               1.090          LIN91A
 OH004.376+00.122      1612                      17 55 13.586   -25  7  0.91       194.1           229.1                       211.6         17.5           0.920               0.585          SEV97A
 OH004.453+00.129      1612                      17 55 22.362   -25  2 46.68      -225.0                                      -225.0                        0.290                              SEV97A
 OH004.417+00.044      1612                      17 55 36.994   -25  7 13.37       -19.1            15.9                        -1.6         17.5           2.685               1.054          SEV97A
*       OH4.4+0.0      1612                      17 55 41.000   -25  9 26.00       -18.0            16.0                        -1.0         17.0           3.200               1.200           LIN89
* OH004.417+0.044      1612                      17 55 36.800   -25  7 12.00                                                                                0.028                               BEC92
    OH4.843+0.277      1612                      17 55 40.300   -24 38  8.60       118.1           145.3                       131.7         13.6           0.288               0.573           BLO94
 OH001.833-01.505      1612                      17 55 46.710   -28  7 55.98       -42.1           -17.3                       -29.7         12.4           0.720               0.251          SEV97A
 OH002.721-01.065      1612                      17 56  4.700   -27  8 35.56      -134.4          -112.5                      -123.5         10.9           0.421               0.465          SEV97A
 OH006.659+01.150      1612                      17 56 22.189   -22 37 36.73       -96.5           -64.4                       -80.4         16.1           0.458               0.396          SEV97A
 OH004.565-00.130      1612                      17 56 36.382   -25  4 46.53      -115.5           -81.9                       -98.7         16.8           0.485               0.244          SEV97A
        OH4.0-0.5      1612                      17 56 47.900   -25 45 21.00       -13.0            10.0                        -1.5         11.5           0.800               0.400           LIN89
*OH003.958-00.537      1612                      17 56 48.865   -25 48 32.89       -13.3                                       -13.3                        0.552                              SEV97A
    OH5.104+0.122      1612                      17 56 50.200   -24 28 56.50       -11.3            -2.2                        -6.8          4.6           0.062               0.074           BLO94
 OH004.961-00.017      1612                      17 57  3.310   -24 40 50.68       -74.9           -31.8                       -53.3         21.5           0.269               0.588          SEV01A
*   OH4.961-0.017      1612                      17 57  3.200   -24 40 50.60       -74.9           -34.0                       -54.5         20.5           0.177               0.497           BLO94
 OH002.186-01.660      1612                      17 57 11.483   -27 54 18.62       -90.3           -55.3                       -72.8         17.5           2.618               4.121          SEV97A
*       OH2.2-1.7      1612                      17 57 11.400   -27 54 18.00       -91.0           -55.0                       -73.0         18.0           4.200               6.700           LIN89
  IRAS 17541-2706      1612                      17 57 15.800   -27  6 34.00       231.9           259.2                       245.6         13.7           0.570               0.410          DAV93A
* IRAS 17541-2706      1612                      17 57 15.800   -27  6 34.00       233.0           260.2                       246.6         13.6           0.450               0.330          LIN91A
 OH004.099-00.631      1612                      17 57 29.645   -25 44  3.24       -83.3           -46.8                       -65.1         18.3           0.724               0.694          SEV97A
*     OH4.13-0.63      1612                      17 57 31.500   -25 42 32.00       -84.0           -48.0                       -66.0         18.0           0.400               0.300           LIN89
 OH004.562-00.398      1612                      17 57 37.466   -25 13  0.09      -146.1          -100.9                      -123.5         22.6           1.167               1.204          SEV97A
* IRAS 17545-2512      1612                      17 57 37.300   -25 13  0.00      -144.3          -100.1                        99.8         23.2           0.690               0.980          DAV93A
*       OH4.5-0.4      1612                      17 57 37.100   -25 12 59.00      -144.0          -100.0                      -122.0         22.0           1.300               1.900           LIN89
 OH001.899-01.953      1612                      17 57 41.359   -28 17 58.47       127.2                                       127.2                        0.207                              SEV97A
  IRAS 17548-2753      1612                      17 57 58.251   -27 53 19.89      -202.4          -168.9                      -185.6         17.5           1.310               3.320           DEA04
*OH002.286-01.801      1612                      17 57 58.251   -27 53 19.89      -201.3          -169.2                      -185.2         16.1           0.575               1.419          SEV97A
  IRAS 17550-2120      1612                      17 58  4.953   -21 21  7.07       -34.5            -8.1                       -21.3         14.5          12.910              12.360           DEA04
*OH007.961+01.445      1612                      17 58  4.953   -21 21  7.07       -33.7            -8.9                       -21.3         12.4           4.623               6.383          SEV97A
*OH007.961+01.445      1612                      17 58  4.897   -21 21  7.42       -34.0            -9.1                       -21.5         12.4           3.846               4.266          SEV01A
* IRAS 17550-2120      1612                      17 58  4.100   -21 21  9.00       -33.9            -8.3                       -21.1         12.8           4.700              10.360          DAV93A
*       OH8.0+1.4      1612                      17 58  4.800   -21 21  7.00       -34.0            -9.0                       -21.5         12.5           4.200               6.600           LIN89
  IRAS 17552-2030      1612                      17 58 16.200   -20 30 22.00       -62.2                                       -62.2                        0.190                              DAV93A
 OH005.991+00.252      1612                      17 58 17.712   -23 39 14.94        93.1           104.4                        98.8          5.7           2.281               1.733          SEV01A
*OH005.991+00.252      1612                      17 58 17.649   -23 39 14.60        93.3           105.0                        99.2          5.8           2.274               1.246          SEV97A
*       OH6.0+0.3      1612                      17 58 20.900   -23 39 14.00        94.0           106.0                       100.0          6.0           1.800               1.300           LIN89
 OH002.362-01.889      1612                      17 58 28.951   -27 52  2.69       -10.0            10.4                         0.2         10.2           0.582               0.308          SEV97A
* IRAS 17553-2751      1612                      17 58 28.500   -27 52  4.00       -10.7            11.0                         0.2         10.8           0.930               0.690          LIN91A
 OH003.253-01.468      1612                      17 58 50.408   -26 53  8.10       168.1           203.1                       185.6         17.5           0.237               0.226          SEV97A
* IRAS 17557-2652      1612                      17 58 50.300   -26 53  8.00       168.3           202.1                       185.2         16.9           0.360               0.270          DAV93A
  IRAS 17560-2027      1612                      17 59  5.007   -20 27 23.95       191.1           217.6                       204.4         14.5           7.220               3.830           DEA04
*OH008.854+01.689      1612                      17 59  5.007   -20 27 23.95       191.1           217.4                       204.3         13.1           4.251               2.576          SEV97A
*OH008.854+01.689      1612                      17 59  4.975   -20 27 24.77       190.7           217.9                       204.3         13.6           3.017               1.568          SEV01A
* IRAS 17565-2035      1612                      17 59 34.500   -20 36  4.00       190.4           217.9                       204.1         13.8           0.860               0.370          LIN91A
  IRAS 17566-2115      1612                      17 59 35.700   -21 15 14.00       -51.4           -35.4                       -43.4          8.0           0.170               0.290          LIN91A
 OH003.787-01.570      1612                      18  0 25.523   -26 28 22.99        52.8            71.7                        62.3          9.5           0.848               1.667          SEV97A
 OH005.885-00.392      1612                      18  0 30.380   -24  4  1.16       -22.7             6.8                        -7.9         14.8           5.271               1.154          SEV01A
*OH005.885-00.392      1612                      18  0 30.391   -24  4  1.29       -22.0            13.0                        -4.5         17.5           7.124               1.214          SEV97A
* IRAS 17574-2403      1612                      18  0 30.391   -24  4  1.29       -21.3                                       -21.3         25.0          11.580                               DEA04
*         W28(A2)      1612                      18  0 30.200   -24  4  0.00       -21.0            13.0                        -4.0         17.0          34.700               1.500           LIN89
  IRAS 17576-2653      1612                      18  0 49.500   -26 53 12.52       138.3                                       138.3         24.0           0.690                               DEA04
*OH003.471-01.853      1612                      18  0 49.500   -26 53 12.52       138.9                                       138.9                        0.417                              SEV97A
  IRAS 17577-2641      1612                      18  0 50.400   -26 41  3.00       225.9           248.7                       237.3         11.4           0.200               0.530          LIN91A
 OH006.514-00.171      1612                      18  1  1.697   -23 24 40.43        93.1           113.5                       103.3         10.2           0.628               0.707          SEV01A
*OH006.514-00.171      1612                      18  1  1.681   -23 24 41.26        93.3           113.8                       103.5         10.2           0.706               0.982          SEV97A
*       OH6.5-0.1      1612                      18  0 50.600   -23 24  3.00        93.0           114.0                       103.5         10.5           0.700               1.200           LIN89
  IRAS 17582-2619      1612                      18  1 21.546   -26 19 36.75       164.1           186.8                       175.5         12.5           3.580               3.710           DEA04
*OH004.017-01.679      1612                      18  1 21.546   -26 19 36.75       163.7           185.6                       174.7         11.0           1.022               0.904          SEV97A
 OH006.095-00.630      1612                      18  1 51.898   -24  0  8.52        88.5           115.8                       102.2         13.6           2.963               0.200          SEV01A
*OH006.095-00.630      1612                      18  1 51.916   -24  0  7.88        87.5                                        87.5                        2.368                              SEV97A
 OH008.707+00.811      1612                      18  2  1.935   -21  1 12.08       -71.7           -41.0                       -56.3         15.3           0.867               0.374          SEV97A
 OH007.885+00.240      1612                      18  2 25.236   -22  1  0.58         2.3            34.1                        18.2         15.9           0.635               0.286          SEV01A
 OH009.958+01.409      1612                      18  2 26.823   -19 38 14.62       181.6           206.5                       194.1         12.4           0.057               0.264          SEV01A
 OH006.736-00.473      1612                      18  2 39.261   -23 22  3.16       -55.6           -39.5                       -47.6          8.0           0.320               0.651          SEV97A
 OH007.542-00.056      1612                      18  2 48.203   -22 27 37.15        -4.5            38.6                        17.0         21.5           0.259               0.253          SEV01A
*     OH7.51-0.07      1612                      18  2 47.600   -22 29 31.00        -5.0            38.0                        16.5         21.5           0.500               0.600           LIN89
 OH008.733+00.549      1612                      18  3  3.733   -21  7 33.79        29.1            53.9                        41.5         12.4           0.483               0.322          SEV97A
 OH005.094-01.528      1612                      18  3  7.921   -25 18 57.04       -37.8           -27.5                       -32.7          5.1           0.445               0.688          SEV97A
 OH005.021-01.724      1612                      18  3 43.929   -25 28 32.95       137.4                                       137.4                        0.708                              SEV97A
 OH008.483+00.176      1612                      18  3 55.720   -21 31 37.67       192.9           202.0                       197.4          4.6           1.741               0.299          SEV01A
*OH008.483+00.176      1612                      18  3 55.725   -21 31 37.76       192.6           201.4                       197.0          4.4           1.390               0.437          SEV97A
        IRC-20424      1612                      18  3 56.400   -20 19  1.00         3.0            26.0                        14.5         11.5           0.800               1.700           LIN89
 OH006.236-01.115      1612                      18  4  1.053   -24  7  7.97        25.0            63.6                        44.3         19.3           0.592               2.000          SEV01A
*OH006.235-01.115      1612                      18  4  1.061   -24  7  9.46        24.7            64.1                        44.4         19.7           0.674               2.820          SEV97A
*     OH6.23-1.12      1612                      18  4  1.100   -24  7 20.00        24.0            64.0                        44.0         20.0           0.900               4.000           LIN89
* IRAS 18009-2407      1612                      18  4  2.500   -24  7  7.00        26.3            66.1                        46.2         19.9           0.750               4.100          LIN91A
 OH008.533+00.108      1612                      18  4 17.458   -21 31  3.70        25.0            61.3                        43.2         18.1           0.374               0.358          SEV01A
*OH008.533+00.108      1612                      18  4 17.437   -21 31  4.05        24.7            61.2                        43.0         18.3           0.496               0.389          SEV97A
  IRAS 18017-2055      1612                      18  4 47.000   -20 55 40.00       -14.4                                       -14.4                        0.380                              LIN91A
 OH007.958-00.393      1612                      18  4 57.372   -22 15 51.48       -31.8                                       -31.8                        0.956                              SEV01A
*OH007.958-00.393      1612                      18  4 57.386   -22 15 50.70       -32.2                                       -32.2                        1.330                              SEV97A
 OH009.630+00.496      1612                      18  5  8.778   -20 22 14.33       -77.5           -49.8                       -63.6         13.9           0.796               1.813          SEV97A
*     OH9.63+0.38      1612                      18  5  8.500   -20 22 14.00       -77.0           -46.0                       -61.5         15.5           1.300               2.800           LIN89
      OH6.63-1.25      1612                      18  5 22.000   -23 50 45.00       -15.0             7.0                        -4.0         11.0           0.500               0.300           LIN89
 OH005.987-01.613      1612                      18  5 23.431   -24 34 48.82         0.2                                         0.2                        0.382                              SEV97A
 OH006.597-01.323      1612                      18  5 35.385   -23 54 22.08       -12.9             7.5                        -2.7         10.2           0.671               0.800          SEV97A
 OH008.933-00.014      1612                      18  5 35.488   -21 13 41.91        29.5            38.6                        34.0          4.6           0.492               0.274          SEV01A
*OH008.933-00.015      1612                      18  5 35.509   -21 13 41.95        24.7                                        24.7                        0.689                              SEV97A
 OH008.952-00.045      1612                      18  5 44.587   -21 13 36.04       -40.9           -18.2                       -29.5         11.4           0.258               0.371          SEV01A
*OH008.952-00.045      1612                      18  5 44.655   -21 13 37.69       -19.1                                       -19.1                        0.387                              SEV97A
* IRAS 18025-2113      1612                      18  5 35.400   -21 13 39.00       -39.9           -18.8                       -29.4         10.6           0.830               1.310          LIN91A
 OH007.206-01.038      1612                      18  5 48.131   -23 14  7.82       -29.5             6.8                       -11.4         18.1           1.063               0.859          SEV01A
*OH007.206-01.038      1612                      18  5 48.129   -23 14  8.04       -30.8             7.2                       -11.8         19.0           0.987               0.623          SEV97A
* IRAS 18027-2314      1612                      18  5 48.200   -23 14  7.00       -31.0             3.8                       -13.6         17.4           0.890               0.320          LIN91A
 OH009.335+00.129      1612                      18  5 53.711   -20 48 29.45         4.5            34.0                        19.2         14.8           0.670               0.276          SEV01A
*OH009.334+00.129      1612                      18  5 53.719   -20 48 31.26         4.3            33.5                        18.9         14.6           0.745               0.404          SEV97A
      OH7.25-1.05      1612                      18  5 55.600   -23 12  6.00         6.0            25.0                        15.5          9.5           0.600               0.400           LIN89
 OH008.991-00.140      1612                      18  6 10.913   -21 14 22.47        47.7            77.2                        62.5         14.8           0.355               0.127          SEV01A
 OH009.055-00.156      1612                      18  6 22.626   -21 11 27.39       -65.8           -33.7                       -49.8         16.1           0.612               1.353          SEV97A
*OH009.056-00.156      1612                      18  6 22.601   -21 11 25.91       -65.8           -34.0                       -49.9         15.9           0.448               0.865          SEV01A
* IRAS 18033-2111      1612                      18  6 22.500   -21 11 28.00       -64.8           -32.9                       -48.8         16.0           0.610               1.410          DAV93A
*       OH9.0-0.1      1612                      18  6  8.600   -21 13 42.00       -66.0           -33.0                       -49.5         16.5           0.700               1.300           LIN89
* IRAS 18033-2111      1612                      18  6 22.500   -21 11 28.00       -64.4           -32.6                       -48.5         15.9           0.890               1.810          LIN91A
      OH9.38+0.00      1612                      18  6 27.600   -20 50  9.00        27.0            63.0                        45.0         18.0           0.300               0.300           LIN89
  IRAS 18034-2441      1612                      18  6 29.100   -24 40 50.00       -12.7            23.7                         5.5         18.2           0.560               0.710          LIN91A
  IRAS 18043-2116      1612                      18  7 20.861   -21 16 10.86        70.4            99.3                        84.9         18.0          18.850               0.350           DEA04
*OH009.097-00.392      1612                      18  7 20.861   -21 16 10.86        71.4            99.2                        85.3         13.9           8.394               0.260          SEV97A
*OH009.097-00.392      1612                      18  7 20.848   -21 16 12.32        72.6           102.1                        87.3         14.8           7.588               0.277          SEV01A
*     OH009.1-0.4      1612                      18  7 20.900   -21 16 10.90        71.2           101.0                        86.1         14.9          11.000               0.300          SEV01B
 OH008.885-00.517      1612                      18  7 22.383   -21 30 54.61       177.0           208.8                       192.9         15.9           0.372               0.910          SEV01A
*OH008.885-00.516      1612                      18  7 22.392   -21 30 54.10       176.5           210.1                       193.3         16.8           0.698               0.767          SEV97A
    OH9.835+0.008      1612                      18  7 23.100   -20 25 51.20        59.1            97.7                        78.4         19.3           0.037               0.085           BLO94
 OH007.253-01.453      1612                      18  7 28.723   -23 23 49.35       149.1           173.9                       161.5         12.4           0.849               0.309          SEV97A
 OH007.307-01.477      1612                      18  7 41.080   -23 21 41.56       -49.9           -15.9                       -32.9         17.0           0.134               0.237          SEV01A
*OH007.307-01.477      1612                      18  7 41.089   -23 21 39.92       -49.4           -17.3                       -33.4         16.1           0.246               0.406          SEV97A
 OH009.133-00.524      1612                      18  7 55.152   -21 18  9.23       -23.5                                       -23.5                        0.396                              SEV97A
 OH009.878-00.128      1612                      18  7 59.071   -20 27 32.99        79.5           111.2                        95.3         15.9           1.516               0.900          SEV01A
*OH009.877-00.128      1612                      18  7 59.045   -20 27 34.59        78.7           110.8                        94.8         16.1           0.417               0.285          SEV97A
*       OH9.9-0.1      1612                      18  7 58.600   -20 27 32.00        79.0           112.0                        95.5         16.5           1.900               0.800           LIN89
*   OH9.878-0.127      1612                      18  7 59.000   -20 27 33.60        79.5           111.3                        95.4         15.9           0.880               0.776           BLO94
           VX Sgr      1612                      18  8  3.500   -22 13 27.00       -14.0            25.0                         5.5         19.5         104.000             106.000           RUD10
*OH008.344-01.002      1612                      18  8  4.051   -22 13 27.67       -13.3            24.7                         5.7         19.0          39.450              34.669          SEV97A
*OH008.344-01.002      1612                      18  8  4.062   -22 13 26.51       -13.6            25.0                         5.7         19.3          21.902              17.632          SEV01A
*          VX SGR      1612                      18  8  4.000   -22 13 26.00       -17.0            22.5                         2.8         19.8          16.000              17.500           LIN89
 OH009.341-00.570      1612                      18  8 31.612   -21  8 34.02       -20.4                                       -20.4                        0.539                              SEV01A
*OH009.341-00.570      1612                      18  8 31.626   -21  8 34.10       -16.2                                       -16.2                        0.504                              SEV97A
 OH008.328-01.803      1612                      18 11  4.067   -22 37 29.99        38.6            72.6                        55.6         17.0           0.315               0.398          SEV01A
*OH008.328-01.802      1612                      18 11  4.048   -22 37 29.17        38.2            71.7                        55.0         16.8           0.815               1.055          SEV97A
* IRAS 18080-2238      1612                      18 11  3.400   -22 37 33.00        38.2            71.9                        55.0         16.9           0.960               1.270           LSQ92
* IRAS 18080-2238      1612                      18 11  3.400   -22 37 33.00        38.9            73.0                        56.0         17.0           0.680               1.170          LIN91A
 OH009.375-01.308      1612                      18 11 22.210   -21 28  9.35       103.9           130.1                       117.0         13.1           0.473               0.768          SEV97A
* IRAS 18083-2128      1612                      18 11 22.300   -21 28 10.00       103.5           130.2                       116.8         13.4           1.500               1.500          DAV93A
* IRAS 18083-2128      1612                      18 11 22.300   -21 28 10.00       104.3           130.9                       117.6         13.3           0.640               1.080          LIN91A

Number of different objects found: 226
Number of observations: 418