
* = additional observations

    source name     frequency    spectral type     R.A.(2000)     DEC(2000)    blue pk veloc   red pk veloc   veloc error  radial veloc   exp veloc   flux dens blue pk    flux dens red pk  reference

  IRAS 17233-2602      1612                      17 26 28.600   -26  4 58.00      -151.5          -135.3                      -143.4          8.1           4.350               2.100            HU94
* IRAS 17233-2602      1612                      17 26 28.600   -26  4 58.00      -150.1          -133.8                      -141.9          8.1           2.840               1.210          DAV93A
*       OH0.1+5.1      1612                      17 26 28.800   -26  5 10.00      -151.0          -135.0                      -143.0          8.0           2.600               1.100           LIN89
* IRAS 17233-2602      1612                      17 26 28.600   -26  4 58.00                                                                            =                                       SZY04
* IRAS 17233-2602      1612                      17 26 28.600   -26  4 58.00      -150.8          -134.8                      -142.8          8.0           2.690               1.270          LIN91A
*  IRAS17233-2602      1612                      17 26 28.700   -26  4 58.00      -151.6                                      -151.6                        5.160                               WOL12
  IRAS 17248-2439      1612                      17 27 54.600   -24 42  0.00        37.0            41.3                        39.1          2.1           0.440               0.320          LIN91A
  IRAS 17265-2626      1612                      17 29 41.500   -26 29  9.00       -74.2           -42.8                       -58.5         15.7           0.640               0.330           LSQ92
* IRAS 17265-2626      1612                      17 29 41.500   -26 29  9.00       -73.5           -41.7                       -57.6         15.9           0.420               0.250          LIN91A
  IRAS 17266-2319      1612                      17 29 43.700   -23 22 14.00       -75.4           -52.1                       -63.7         11.6           0.430               0.870           LSQ92
* IRAS 17266-2319      1612                      17 29 43.700   -23 22 14.00       -75.6           -51.6                       -63.6         12.0           1.150               1.290          LIN91A
  IRAS 17306-2427      1612                      17 33 42.300   -24 29 16.00       -79.0           -55.9                       -67.5         11.5           0.260               0.370          LIN91A
  IRAS 17307-2650      1612                      17 33 52.200   -26 52 35.00      -182.6          -161.9                      -172.2         10.4           0.380               0.620          LIN91A
  IRAS 17323-2424      1612                      17 35 25.500   -24 26 30.00        41.8            70.0                        55.9         14.1           0.670               1.080          DAV93A
* IRAS 17323-2424      1612                      17 35 25.500   -24 26 30.00        41.8            69.4                        55.6         13.8           0.650               0.750          LIN91A
  IRAS 17327-2644      1612                      17 35 49.500   -26 46 30.00      -133.2          -130.5                      -131.8          1.3           0.150               0.150          LIN91A
  IRAS 17331-2708      1612                      17 36 18.500   -27 10 37.00      -130.3          -112.9                      -121.6          8.7           0.140               0.130          DAV93A
  IRAS 17332-2607      1612                      17 36 19.400   -26  9  7.00       149.0                                       149.0                        0.230                              LIN91A
  IRAS 17337-2514      1612                      17 36 51.400   -25 16 28.00         6.1                                         6.1                        0.720                              LIN91A
 OH000.921+02.797      1612                      17 37  4.725   -26 40 35.48      -220.0          -208.3                      -214.1          5.8           0.248               1.449          SEV97A
  IRAS 17344-2515      1612                      17 37 30.400   -25 17 19.00        19.5            35.4                        27.5          8.0           0.150               0.140          LIN91A
  IRAS 17347-2319      1612                      17 37 46.100   -23 20 54.00        74.1            90.1                        82.1          8.0           0.380               0.470          LIN91A
  IRAS 17347-2653      1612                      17 37 53.600   -26 54 47.00        66.1            97.5                        81.8         15.7           0.120               0.340          DAV93A
  IRAS 17350-2413      1612                      17 38  8.600   -24 14 49.00       225.9                                       225.9                        0.270                              LIN91A
  IRAS 17351-2317      1612                      17 38  9.900   -23 18 56.00       166.5           189.1                       177.8         11.3           0.100               0.130          LIN91A
 OH000.689+02.140      1612                      17 39  0.981   -27 13 23.65       191.2           211.7                       201.4         10.2           1.214               0.714          SEV97A
 OH000.580+02.009      1612                      17 39 15.276   -27 23  6.84        90.5           113.8                       102.2         11.7           0.221               0.282          SEV97A
* IRAS 17361-2721      1612                      17 39 14.100   -27 23  8.00        88.8           113.4                       101.1         12.3           0.290               0.500          LIN91A
 OH002.348+02.965      1612                      17 39 49.540   -25 22 51.88        23.9            45.8                        34.8         11.0           0.632               0.616          SEV97A
* IRAS 17370-2529      1612                      17 40  9.100   -25 30 46.00        22.6            44.7                        33.7         11.1           0.510               0.430          LIN91A
 OH001.227+02.005      1612                      17 40 48.784   -26 50 20.28        83.2           108.0                        95.6         12.4           0.839               0.471          SEV97A
* IRAS 17376-2648      1612                      17 40 48.000   -26 50 23.00        82.5           107.9                        95.2         12.7           1.650               0.740          LIN91A
  IRAS 17381-2346      1612                      17 41 11.700   -23 48 28.00        -1.7                                        -1.7                        0.180                              LIN91A
  IRAS 17382-2531      1612                      17 41 20.000   -25 32 53.00       153.2           185.8                       169.5         16.3           0.330               0.570          DAV93A
* IRAS 17382-2531      1612                      17 41 20.000   -25 32 53.00       153.8           186.0                       169.9         16.1           0.530               0.500          LIN91A
  IRAS 17386-2458      1612                      17 41 43.400   -24 59 49.00        70.7                                        70.7                        0.150                              LIN91A
 OH001.794+02.078      1612                      17 41 52.457   -26 19 10.82       201.4           227.7                       214.6         13.1           0.336               0.443          SEV97A
* IRAS 17379-2618      1612                      17 41  5.900   -26 20 23.00       199.8           227.0                       213.4         13.6           0.370               0.210          LIN91A
  IRAS 17388-2353      1612                      17 41 53.200   -23 54 56.00         9.2            23.7                        16.5          7.3           0.080               0.140          LIN91A
  IRAS 17399-2448      1612                      17 43  1.200   -24 49 33.00         8.0            26.2                        17.1          9.1           0.250               0.080          LIN91A
  IRAS 17413-2508      1612                      17 44 28.600   -25  9 50.00       -74.9           -42.1                       -58.5         16.4           0.380               0.310          LIN91A
  IRAS 17428-2438      1612                      17 45 56.700   -24 40  0.00      -134.9          -107.6                      -121.2         13.7           0.570               0.220          DAV93A
* IRAS 17428-2438      1612                      17 45 56.700   -24 40  0.00      -133.9          -106.3                      -120.1         13.8           0.460               0.210          LIN91A
 IRAS 17428-2438A      1612                      17 45 56.700   -24 40  0.00        67.3            74.9                        71.1          3.8           0.280               0.300          DAV93A

Number of different objects found: 30
Number of observations: 44