
* = additional observations

    source name     frequency    spectral type     R.A.(2000)     DEC(2000)    blue pk veloc   red pk veloc   veloc error  radial veloc   exp veloc   flux dens blue pk    flux dens red pk  reference

  IRAS 17179-2729      1612                      17 21  7.400   -27 32 46.00       228.2                                       228.2                        0.190                              LIN91A
  IRAS 17190-2725      1612                      17 22 12.400   -27 28 44.00       -27.7                                       -27.7                        0.170                              LIN91A
  IRAS 17239-2812      1612                      17 27  5.400   -28 15 30.00       -48.4            -7.0                       -27.7         20.7           2.750               3.500          LIN91A
* IRAS 17239-2812      1612                      17 27  5.400   -28 15 30.00       -47.6            -6.3                       -27.0         20.7           1.476               1.368           SIV90
  IRAS 17246-2827      1612                      17 27 50.100   -28 29 46.00       -12.3            12.9                         0.3         12.6           0.700               0.860          LIN91A
  IRAS 17251-2821      1612                      17 28 18.600   -28 24  1.00      -181.0          -149.0                      -165.0         16.0           0.800               0.170          LIN91A
 IRAS 17251-2821A      1612                      17 28 18.600   -28 24  1.00      -246.3          -227.5                      -236.9          9.4           0.120               0.170          LIN91A
  IRAS 17253-2824      1612                      17 28 33.100   -28 27  2.00       -90.1           -78.7                       -84.4          5.7           0.110               0.420          LIN91A
  IRAS 17253-2831      1612                      17 28 33.200   -28 33 28.00                                                   -62.0          9.0       =                                       SZY04
*  IRAS17253-2831      1612                      17 28 33.300   -28 33 28.00       -71.7           -71.5                       -71.6          0.1           9.190 :              8.340           WOL12
 OH358.255+03.184      1612                      17 29  4.835   -28 42  7.49       -71.0           -53.5                       -62.3          8.8           0.799               0.571          SEV97A
  IRAS 17272-2657      1612                      17 30 23.500   -27  0 14.00        69.0            95.1                        82.0         13.1           0.770               0.990           LSQ92
 OH358.366+02.805      1612                      17 30 48.306   -28 49  1.91       -71.0           -40.4                       -55.7         15.3           0.712               0.279          SEV97A
* IRAS 17276-2846      1612                      17 30 48.500   -28 49  1.00       -71.2           -40.2                       -55.7         15.5           0.760               0.390          LIN91A
* IRAS 17276-2846      1612                      17 30 48.500   -28 49  1.00       -71.2           -40.4                       -55.8         15.4           1.160               0.670          DAV93A
  IRAS 17292-2727      1612                      17 32 23.600   -27 30  1.00       -86.4           -50.4                       -68.4         18.0           0.380               1.210          DAV93A
* IRAS 17292-2727      1612                      17 32 23.600   -27 30  1.00       -84.8           -49.6                       -67.2         17.6           0.280               0.610          LIN91A
* IRAS 17292-2727      1612                      17 32 23.600   -27 30  1.00       -50.9                                       -50.9                        0.680                               LIK89
  IRAS 17301-2831      1612                      17 33 16.400   -28 33 16.00       -64.3           -39.1                       -51.7         12.6           0.550               0.800          LIN91A
 OH359.500+02.776      1612                      17 33 43.249   -27 53  0.72       121.7                                       121.7                        0.926                              SEV97A
* IRAS 17305-2751      1612                      17 33 43.300   -27 53  1.00       122.8                                       122.8                        1.290                              LIN91A
* IRAS 17305-2751      1612                      17 33 43.300   -27 53  1.00       122.4                                       122.4                        1.300                              DAV93A
  IRAS 17317-2743      1612                      17 34 53.287   -27 45 11.18        36.5            59.8                        48.1         16.0           4.720               8.540           DEA04
*OH359.750+02.629      1612                      17 34 53.287   -27 45 11.18        36.5            58.4                        47.4         11.0           3.906               4.601          SEV97A
*     OH359.8+2.6      1612                      17 34 50.600   -27 44 57.00        37.0            60.0                        48.5         11.5           4.700               5.300           LIN89
* IRAS 17317-2743      1612                      17 34 53.500   -27 45 12.00        37.0            59.8                        48.4         11.4           5.600               6.700           LIK89
* IRAS 17320-2734      1612                      17 35  8.800   -27 36  0.00        36.5            59.0                        47.8         11.3           1.250               1.260          LIN91A
 OH359.978+02.563      1612                      17 35 41.716   -27 35 48.24        20.4            29.2                        24.8          4.4           0.366               0.368          SEV97A
* IRAS 17328-2732      1612                      17 35 59.800   -27 34 26.00        18.1            30.8                        24.4          6.3           0.390               0.320          LIN91A
  IRAS 17338-2744      1612                      17 36 59.500   -27 45 53.00      -123.3           -88.5                      -105.9         17.4           2.930               0.580          LIN91A

Number of different objects found: 17
Number of observations: 30